# JunJunSorting
Sorting for Junjun

## Input Data
|*GTNR*|*STK*     |*EOL*|*DATUM*         |*ID* |
|------|----------|-----|----------------|-----|
|10048 |1107020017|6810 |19-03-2020 07:28|58214|
|10049 |1107020018|6811 |19-03-2020 08:28|58215|
|10050 |1107020019|6812 |19-03-2020 09:28|58216|
|10051 |1107020020|6813 |19-03-2020 10:28|58217|
|10052 |1107020021|6814 |19-03-2020 11:28|58218|
|10053 |1107020022|6815 |19-03-2020 12:28|58219|

## Process Goal
The Process will try to sort the list basing on different keys in both ASC and DESC order.

[MainEntry.java](MainEntry.java): the main entry of the process.

[Product.java](Product.java): Embed the attributes into an Object called "Product".

[SortKey.java](SortKey.java): contains the sorting keys and orders.

## Output
**Sorting by GTNR in ASC order**<p>
10048	1107020017	6810	19-03-2020 07:28	58214<p>
10049	1107020018	6811	19-03-2020 08:28	58215<p>
10050	1107020019	6812	19-03-2020 09:28	58216<p>
10051	1107020020	6813	19-03-2020 10:28	58217<p>
10052	1107020021	6814	19-03-2020 11:28	58218<p>
10053	1107020022	6815	19-03-2020 12:28	58219<p>

**Sorting by GTNR in DESC order**<p>
10053	1107020022	6815	19-03-2020 12:28	58219<p>
10052	1107020021	6814	19-03-2020 11:28	58218<p>
10051	1107020020	6813	19-03-2020 10:28	58217<p>
10050	1107020019	6812	19-03-2020 09:28	58216<p>
10049	1107020018	6811	19-03-2020 08:28	58215<p>
10048	1107020017	6810	19-03-2020 07:28	58214<p>

**Sorting by STK in ASC order**<p>
10048	1107020017	6810	19-03-2020 07:28	58214<p>
10049	1107020018	6811	19-03-2020 08:28	58215<p>
10050	1107020019	6812	19-03-2020 09:28	58216<p>
10051	1107020020	6813	19-03-2020 10:28	58217<p>
10052	1107020021	6814	19-03-2020 11:28	58218<p>
10053	1107020022	6815	19-03-2020 12:28	58219<p>

**Sorting by STK in DESC order**<p>
10053	1107020022	6815	19-03-2020 12:28	58219<p>
10052	1107020021	6814	19-03-2020 11:28	58218<p>
10051	1107020020	6813	19-03-2020 10:28	58217<p>
10050	1107020019	6812	19-03-2020 09:28	58216<p>
10049	1107020018	6811	19-03-2020 08:28	58215<p>
10048	1107020017	6810	19-03-2020 07:28	58214<p>

**Sorting by EOL in ASC order**<p>
10048	1107020017	6810	19-03-2020 07:28	58214<p>
10049	1107020018	6811	19-03-2020 08:28	58215<p>
10050	1107020019	6812	19-03-2020 09:28	58216<p>
10051	1107020020	6813	19-03-2020 10:28	58217<p>
10052	1107020021	6814	19-03-2020 11:28	58218<p>
10053	1107020022	6815	19-03-2020 12:28	58219<p>

**Sorting by EOL in DESC order**<p>
10053	1107020022	6815	19-03-2020 12:28	58219<p>
10052	1107020021	6814	19-03-2020 11:28	58218<p>
10051	1107020020	6813	19-03-2020 10:28	58217<p>
10050	1107020019	6812	19-03-2020 09:28	58216<p>
10049	1107020018	6811	19-03-2020 08:28	58215<p>
10048	1107020017	6810	19-03-2020 07:28	58214<p>

**Sorting by DATUM in ASC order**<p>
10048	1107020017	6810	19-03-2020 07:28	58214<p>
10049	1107020018	6811	19-03-2020 08:28	58215<p>
10050	1107020019	6812	19-03-2020 09:28	58216<p>
10051	1107020020	6813	19-03-2020 10:28	58217<p>
10052	1107020021	6814	19-03-2020 11:28	58218<p>
10053	1107020022	6815	19-03-2020 12:28	58219<p>

**Sorting by DATUM in DESC order**<p>
10053	1107020022	6815	19-03-2020 12:28	58219<p>
10052	1107020021	6814	19-03-2020 11:28	58218<p>
10051	1107020020	6813	19-03-2020 10:28	58217<p>
10050	1107020019	6812	19-03-2020 09:28	58216<p>
10049	1107020018	6811	19-03-2020 08:28	58215<p>
10048	1107020017	6810	19-03-2020 07:28	58214<p>

**Sorting by ID in ASC order**<p>
10048	1107020017	6810	19-03-2020 07:28	58214<p>
10049	1107020018	6811	19-03-2020 08:28	58215<p>
10050	1107020019	6812	19-03-2020 09:28	58216<p>
10051	1107020020	6813	19-03-2020 10:28	58217<p>
10052	1107020021	6814	19-03-2020 11:28	58218<p>
10053	1107020022	6815	19-03-2020 12:28	58219<p>

**Sorting by ID in DESC order**<p>
10053	1107020022	6815	19-03-2020 12:28	58219<p>
10052	1107020021	6814	19-03-2020 11:28	58218<p>
10051	1107020020	6813	19-03-2020 10:28	58217<p>
10050	1107020019	6812	19-03-2020 09:28	58216<p>
10049	1107020018	6811	19-03-2020 08:28	58215<p>
10048	1107020017	6810	19-03-2020 07:28	58214<p>
